-1.069
-0.898
-0.975
-1.033
-0.857
-0.753
-0.605
-0.409
-0.551
-0.494
-0.525
-0.71
-0.636
-0.661
-0.447
-0.44
-0.497
-0.544
-0.496
-0.411
-0.396
-0.32
-0.238
-0.379
-0.371
-0.237
-0.24
-0.149
-0.132
-0.165
-0.029
-0.033
0.005
0.205
0.167
0.037
0.257
0.328
0.296
0.26
0.265
0.284
0.183
0.051
0.027
0.079
0.155
0.199
0.22
0.201
0.156
0.253
0.035
0.057
0.014
0.061
0.075
0.007
0.026
-0.02
-0.048
-0.293
-0.297
-0.127
-0.101
-0.03
0.014
-0.04
-0.061
-0.078
-0.029
-0.008
0.01
-0.099
-0.172
-0.353
-0.45
-0.407
-0.383
-0.524
-0.414
-0.357
-0.374
-0.276
-0.135
-0.08
-0.065
0.074
0.148
0.289
0.188
0.316
0.366
0.255
0.125
0.083
-0.013
-0.029
-0.114
-0.017
0.135
0.054
-0.117
-0.069
0.141
0.116
0.101
-0.094
0.026
0.081
0.146
0.075
0.006
0.097
0.18
0.318
0.21
0.181
0.269
0.237
0.268
0.126
0.156
0.298
0.387
0.378
0.341
0.246
0.185
0.05
0.227
0.213
0.178
0.149
0.106
0.139
0.077
0.092
0.129
0.032
-0.032
0.049
0.126
0.12
0.198
0.356
0.441
0.418
0.306
0.267
0.382
0.251
0.111
0.061
0.052
0.226
0.123
0.069
0.034
-0.042
-0.083
-0.129
0.018
-0.127
-0.131
-0.118
-0.08
-0.032
0.203
0.097
0.146
0.178
0.264
0.236
0.424
0.303
0.287
0.148
-0.008
0.025
-0.028
-0.21
-0.191
-0.164
-0.133
-0.069
-0.079
-0.234
-0.236
-0.203
-0.29
-0.313
-0.278
-0.185
0.05
-0.04
-0.028
-0.021
0.018
0.048
-0.082
0.03
0.111
-0.009
-0.083
0.012
-0.065
0.149
0.131
0.003
-0.066
-0.027
0.066
0.085
-0.026
-0.127
-0.209
-0.359
-0.379
-0.302
-0.286
-0.315
-0.282
-0.244
-0.18
-0.051
0.043
0.004
-0.088
-0.069
-0.106
-0.138
-0.116
-0.197
-0.279
-0.186
-0.189
-0.191
-0.017
-0.08
0.034
-0.002
-0.046
-0.182
-0.06
-0.162
-0.153
-0.176
-0.261
-0.042
